621.65
609.67
610.92
608.82
610.38
609.11
607.04
611.58
610.19
608.66
598.88
597.42
594.08
603.88
601.74
598.98
605.96
605.67
603.85
609.39
614.82
612.98
611.85
609.62
607.18
612.08
617.21
614.74
615.65
617.54
614.77
635.01
635.96
634.02
637.94
641.42
638.97
636.29
629.25
627.72
631.92
655.48
653.25
651.39
655.31
651.45
682.22
687.68
685.91
698
702
697.01
733.33
686.17
683.69
704.79
712
709.96
708.97
720.93
721.5
715.45
703.71
702.28
706.46
710.91
711.73
736.96
747.52
748.98
729.06
738.53
736.97
741.63
737.45
735.64
733.67
727.96
727.31
732.71
742.69
742.05
772.43
764.33
762.97
754.63
756.62
758.99
769.72
770.02
769.08
777
777
777.99
774.89
776.75
775.88
788.7
788.4
788.67
793.09
824.21
834.97
901.31
891.61
892.6
897.33
930.37
930.34
963.38
952.15
958.12
997.72
1015.97
1013.42
1126.76
994.67
999.65
896.83
908.14
910.49
906.05
785.22
780.92
826.29
817.91
819.55
830.5
903.84
906.6
895.798875
893.6210875
895.64
918.603625
922.0736125
919.97
893.045625
915.95625
915.05
920.31225
915.933
912.19
964.706075
979.703875
983.42
1013.027
1030.999413
1034.07
1024.01375
1050.11
1052.84
976.103
999.1035
997.59
1000.604625
999.877375
1001.2
1012.325988
1035.208125
1035.2
1056.637138
1052.779286
1050.87
1123.788429
1123.223188
1130.01
1174.86625
1150.605714
1150.37
1190.75195
1187.565286
1190.89
1259.410817
1285.14
1287
1270.9333
1275.197375
1279.5
1157.3933
1192.469143
1192.09
1179.159875
1227.494625
1227.68
1245.370786
1257.399625
1257
1091.171888
952.2323625
967.69
1049.084488
1118.630043
1113
1038.789
941.9197143
927.93
956.7863125
1037.22925
1041.04
1040.5755
1037.90455
1034.74
1086.929571
1099.169125
1079.99
1141.600363
1133.079314
1133.53
1190.45425
1181.149838
1184.03
1207.744875
1226.617038
1219.09
1180.023713
1185.260057
1170.36
1186.927413
1205.634875
1176.97
1217.930088
1241.686325
1236.63
1261.311225
1257.988113
1240.84
1279.414688
1309.109875
1288.02
1331.294429
1334.979038
1333
1417.172813
1452.076288
1447.55
1508.292125
1533.335071
1518.75
1535.868429
1640.619225
1651.1
1762.88625
1820.990563
1829
1771.920013
1776.3165
1780
1739.031975
1807.485063
1783.98
1961.520488
2052.909788
2008.84
2090.662313
2287.710288
2256.32
2387.206286
2211.976857
2279.82
2192.9808
2275.9307
2290.02
2285.933914
2399.242671
2409.93
2525.765158
2516.173143
2529.53
2883.313697
2664.920863
2683.03
2827.4913
2845.372857
2898.63
2657.675063
2748.185086
2706
2442.48025
2464.959814
2477.94
2507.389252
2617.210263
2600
2671.04325
2727.288013
2713.48
2589.164888
2512.366286
2502.03
2517.903114
2585.349186
2558.3
2477.641375
2501.191343
2421.26
2561.225429
2599.729838
2598.89
2609.96775
2491.201214
2502.86
2536.238938
2366.170143
2327.09
2385.748571
2354.783417
2338.49
2058.9956
1931.2143
1910.96
2320.12225
2264.7657
2265.21
2682.195363
2807.609857
2825.51
2751.821029
2560.997917
2564.3
2647.625
2781.636583
2784.8
2745.955417
2866.431667
2862.9
2693.633983
2794.117717
2790
3218.115017
3252.562533
3210.2
3457.374333
3357.326317
3340.28
3632.506667
3852.802914
3868.52
4282.992
4217.028329
4179.97
4328.725717
4130.440067
4104.71
4157.958033
4043.722
3986.28
4174.95
4340.316717
4331.77
4360.513317
4354.308333
4339.05
4607.98545
4594.98785
4582.52
4911.740017
4580.38748
4585.57
4344.098317
4488.72014
4385.02
4654.6585
4310.750183
4312.26
4329.955
4248.090017
4198.59
3961.271267
3319.63
3216.43
3763.62604
3746.060783
3678.53
3943.413333
3977.561667
3894.48
3637.50255
3776.3869
3777.62
3942.555
3910.307383
3881
4201.98905
4193.574667
4164.27
4360.722967
4386.88375
4394.07
4225.175
4338.852
4318.58
4376.191667
4602.280883
4605.66
4782.28
4819.485767
4822.17
5563.806567
5739.438733
5825.99
5711.205867
5603.71294
5594.66
5727.6335
5979.45984
5986.44
5983.18455
5876.079867
5900.59
5669.622533
5893.138417
5889.82
5776.69695
6155.43402
6136.49
6388.645167
6665.306683
6751.98
7197.72006
7437.543317
7365.99
6989.071667
7092.127233
7128.64
7158.03706
6719.39785
6569.22
5716.301583
6550.227533
6493.63
7301.42992
7815.0307
7868.77
7817.140383
8007.654067
8049.72
8059.8
8268.035
8236.72
8250.978333
8707.407267
8768.8
9718.29505
9952.50882
9919
10147.372
10883.912
10879.88
11332.622
11584.83
11591.22
13540.98
16501.97167
16860.88
15142.83415
14869.805
15068.95
17276.39333
16808.36667
16252.31
17771.9
19498.68333
19279.9
18961.85667
17737.11167
17382.94
16047.51
15190.945
13776.61
13949.175
14119.02833
13740.94
15589.32167
14380.58167
14214.01
13215.574
14165.575
13796
15005.85667
15053.26167
15039.24
17174.12
17319.198
17155.95
15265.90667
14714.25333
14437.42
13296.794
13912.882
13791.19
13852.92
14012.196
13554.14
11116.94667
11345.42333
11174.82
12950.79333
11505.228
11513.42
11223.064
11282.25833
11392.03
10969.815
11524.77667
11431.37
11212.655
10184.06167
10082.52
9083.258333
8901.901667
8852.73
8400.648333
6838.816667
6925.46
8099.958333
8240.536667
8245.08
8319.876566
8343.455
8068.02
8597.7675
9334.633333
9471.64
10127.16167
10841.99167
11085.83
11110.965
11390.39167
11245.98
9931.071667
10162.11667
10171.3
9696.593333
10348.60333
10319.46
10370.165
11009.38167
10931.12
11326.94833
11430.18167
11516.83
10763.19833
10118.058
9920.46
9089.278333
8746.002
8777.37
9182.843333
9154.7
9153.54
8358.121667
8530.402
8297.89
8171.415
8412.033333
8605.64
8947.753333
8690.408333
8725.37
8662.378333
8617.296667
8457.96
7876.195
7960.38
7950.61
6882.531667
6935.48
6937.56
7035.848333
7410.435
7426.48
6826.51
6603.876667
6634.68
7017.656667
6699.273333
6784.41
6926.266667
7847.845
7941.46
8036.511051
8340.748333
8368.1
7895.416926
8164.937426
8175.96
8852.718333
8807.205
8930.6
8933.861667
9555.542
9658.11
9258.398333
9010.32
8928.55
9334.281667
9259.57
9239.55
9221.426
9639.268333
9753.35
9803.306667
9630.136277
9631.44
9228.608333
9322.041667
9310.37
8468.788
8484.346667
8463.52
8652.038333
8511.458
8471.06
8106.118333
8240.055
8239.08
8507.406667
8385.556187
8396.63
7555.74
7566.193333
7576.78
7342.908333
7361.831667
7344.56
7459.876667
7385.395
7386.72
7535.146667
7645.146667
7637.14
7500.273333
7615.722142
7619.43
7676.271667
7620.153333
7615.54
6776.888333
6875.678333
6879.31
6315.7
6647.013333
6637.41
6509.426667
6464.411667
6445.79
6737
6714.718333
6760.83
6332.573333
6141.605833
6170.46
6211.4475
6218.595
6097.46
6107.896154
5908.7025
6223.28
6374.754167
6466.069167
6626.44
6593.289167
6603.376667
6555.51
6594.281667
6753.559167
6724.04
6510.791667
6377.363333
6403.18
6244.3575
6241
6248.84
6514.390833
6869.910833
7321.62
7396.401667
7428.045
7334.99
7451.289167
7689.884167
7715.1
8251.165
8187.324167
7939.81
8182.251667
8206.341667
8220.91
7916.800833
7570.869167
7607.7
7394.499167
7247.769167
7011.28
6988.079167
6993.513333
6718.23
6396.7725
6396.494667
6138.96
6311.131667
6347.07
6252.13
6362.676923
6342.629231
6312.75
6436.720833
6404.063333
6486.58
6401.246154
6575.229167
6354.57
6543.645714
6719.429231
6738.27
6719.266154
7000.04
7078.19
6932.6625
6981.946154
7018.78
7247.935385
7260.949231
7265.08
7113.069231
6433.271667
6501.19
6366.1075
6286.425833
6240.98
6296.320833
6273.1375
6326.04
6499.0625
6518.655
6522.39
6400.600833
6296.631667
6342.39
6418.562667
6669.990833
6756.12
6710.445
6639.304167
6583.45
6468.631667
6535.476667
6686.08
6550.474167
6593.135
6611.02
6562.641667
6470.4025
6483.73
6568.549167
6581.486667
6573.62
6618.567692
6621.711667
6626.85
6248.635833
6260.530833
6247
6299.399167
6452.571667
6599.17
6596.276154
6568.040769
6509.61
6488.825833
6531.601667
6504.78
6481.426
6508.31
6489.77
6473.753333
6465.9175
6457.21
6382.668333
6309.452857
6301.61
6342.280833
6387.674167
6390.42
6391.873333
6436.965
6437.76
6538.79
6486.251667
6444.97
6399.033333
6378.268333
6408.53
6372.063333
6176.155
5756.77
5596.1925
5558.243333
5572.44
5303.9425
4671.97
4491.98
4548.7975
4309.3375
4352.98
3823.511667
3920.536667
3793.35
4103.453846
4263.783333
4278.77
4116.7775
4167.546667
4140.6
3961.493333
3858.349167
3744.98
3405.643333
3435.34
3453.66
3523.96
3426.19
3407.28
3406.7625
3278.374167
3242.42
3271.238333
3392.405
3556.54
3808.0425
3982.850833
4135.19
3910.973333
4027.478333
3995.17
3813.88
3825.379167
3848.21
3743.905
3912.285833
3770.36
3791.545833
3752.271667
3855.88
3865.7975
3822.626667
3856.62
3920.456667
4036.093333
4032.25
4034.138333
3812.585833
3646.25
3646.345833
3599.841667
3531.96
3656.785
3621.270833
3621.43
3632.395
3690.523333
3703.98
3548.4275
3540.02
3587.35
3566.4
3586.25
3577.79
3576.3
3554.5
3448.58
3421.6
3470
3444.81
3475.33
3506.22
3456.02
3452.35
3467.34
3405.7
3394.76
3661.08
3664.38
3686.29
3629.47
3632.42
3614.5
3600.31
3608.2
3619.55
3670.74
3910.8
3926.53
3987.18
3944.88
3983.48
4139.6
3766.89
3848.33
3831.45
3833.23
3850.08
3834.62
3831.44
3814.58
3730.98
3872.25
3876.85
3886.82
3875.96
3950.56
3928.17
3881.09
3892.51
3877.77
3885.21
3936.5
4015.95
3994.92
3998.77
4029.11
4056.4
3992.34
3999.06
4011.92
3994.11
3935.89
3947.74
4048.51
4037.37
4115.55
4114.44
4114.16
4152.53
4882.88
4959.81
4911.24
5028.77
5053.52
5189.39
5268.71
5175.81
5310.18
5035.02
5072.85
5064.62
5152.51
5036.18
5196.65
5220.37
5276.31
5277.04
5309.28
5281.83
5377.19
5518.16
5434.19
5195.61
5292.83
5280.19
5301.29
5260.65
5269.79
5326.67
5390.16
5657.14
5771.08
5717.66
5684.47
5755.72
5936.72
6146.91
6348.02
7248.31
6978.63
7823.11
7992.69
8206.9
7885.96
7362.22
7265.05
8193.7
8007.03
7952.5
7625.93
7880.29
8003.26
8071.45
8744.42
8770.06
8719.88
8662.98
8272.46
8553.81
8554.8
8739.03
8134.92
7675.8
7786.04
7803.23
7998.29
7931.34
7640.61
8020.38
7917.58
8173.06
8237.88
8693.6
8859.47
8978.99
9327.48
9076.18
9281.7
9531.35
10209.38
10668.63
10814.48
11017.5
11766.4
12932.55
11132.85
12374.35
11890.38
10737.73
10578.72
10805.4
11984.76
11160.49
10955.16
11232.04
11477.01
12313.08
12586.78
12099.9
11352.87
11803.97
11389.1
10186.96
10873.5
9397.72
9674.28
10638.56
10535.75
10764.9
10587.41
10323.62
9844.3
9772.17
9875.17
9848.65
9473.99
9530
9501.33
9589.13
10084.7
10407.17
10529.55
10814.57
10980.23
11787.99
11465.67
11960.82
11996.41
11856.64
11282.22
11566.84
11386.26
10858.12
10016.96
10302.17
10359.44
10214.52
10317.6
10917.26
10760.56
10129.4
10111.98
10405.81
10143.8
10135.06
10360.28
10171.95
9717.82
9484.55
9577.99
9600.9
9769.79
10386.64
10621.29
10584.16
10577.8
10317.47
10487.21
10406.31
10313.66
10101.03
10159.32
10420.16
10363.9
10361.33
10310.43
10265.63
10190.36
10157.59
10275.88
10173.11
9979.49
10033.05
9683.38
8553.61
8432.23
8055.64
8193.9
8225
8056.74
8307.74
8322.92
8382.03
8236.17
8155.48
8147.69
7869.74
8212.02
8190
8587.92
8586.9
8269.73
8308.01
8283.76
8353.54
8162.16
8002.51
8076.78
7954.15
7960.04
8231.06
8222.52
8026.76
7469.56
7431.88
8666.79
9259.8
9551.54
9218.76
9433.35
9164.62
9147.98
9252.99
9301.18
9206.16
9418.05
9310.19
9343.34
9204.24
8766.04
8809.41
9037.12
8717.81
8801.52
8762.42
8632.32
8457.69
8482.7
8503.93
8175.99
8120.8
8081.81
7617.07
7286.35
7324.03
6907.4
7130.25
7163.63
7523.83
7431
7757.47
7557.72
7402.69
7309.59
7296.77
7192.85
7395.97
7547.19
7504.83
7522.39
7337.42
7220.76
7202.31
7189.16
7251.87
7067.74
7111.14
6879.54
6612.12
7284.29
7150.86
7190.17
7143.2
7514.41
7322.08
7250.69
7192.72
7194.4
7243.93
7301.07
7385.36
7219.6
7168.31
7175.68
6944.33
7326.35
7347.89
7351.57
7759.24
8165.47
8042.65
7817.92
8184.66
8021.49
8173.97
8105.24
8842.42
8813.89
8722.03
8900.34
8910.85
8703.36
8626.47
8722.26
8658.94
8388.11
8428.17
8327.36
8588.42
8895.78
9385.69
9279.81
9502.37
9333.77
9378.09
9314.56
9162.14
9162.14
9614.9
9755.66
9807.54
9907.12
10162.41
9854.79
10275.38
10354.3
10242.43
10368.53
9904.17
9937.67
9703.93
10180.65
9604.72
9606.86
9696.58
9669.63
9989.39
9663.75
9309.15
8785.52
8804.72
8712.35
8534.17
8912.82
8912.82
8754.34
8758.9
9067.39
9155.89
8898.63
8039.38
7931.94
7885.46
7936.65
4830.21
5609.03
5166.26
5348.44
5026.35
5357.61
5410.23
6195.2
6226.44
6189.85
5822.62
6502.16
6768.49
6698.46
6763.75
6369.09
6260.95
5885.41
6405.29
6428.28
6652.87
6809.11
6741.67
6871.69
6777.44
7343.2
7205.55
7365.03
7293.69
6873.24
6891.6
6915.37
6857.66
6871.95
6623.8
7112.27
7034.89
7259.36
7130.04
6840.24
6852.52
7130.99
7477.6
7507.08
7549.52
7699.27
7790.66
7765.33
8777.63
8628.77
8824.66
8973.82
8903.95
8885.93
9030.96
9170.79
10002.48
9821.8
9527.39
8754.46
8617.25
8814.53
9305.93
9790.31
9303.59
9385.7
9669.4
9719.37
9785.74
9510.67
9057.57
9167.26
9178.32
8730.73
8899.66
8842.85
9197.54
9569.21
9425.98
9698.1
9450.84
10204.23
9525.57
9658.04
9794.56
9623.75
9670.43
9753.85
9782.59
9775.15
9892.13
9286.42
9459.97
9473.5
9330.07
9426.7
9526
9454.81
9380.03
9300.15
9357.43
9284.78
9691.9
9621.49
9276.58
9240.85
9154.45
9004.23
9127.47
9185.35
9133.97
9236.38
9087.98
9072.42
9131.31
9089.09
9348.91
9256.23
9440.07
9238.04
9287.4
9235.96
9295.9
9238.13
9254.52
9193.51
9131
9154.19
9174.71
9214.66
9163.87
9392.66
9537.4
9613.11
9551.28
9707.5
9938.83
11042.4
10934.94
11102.67
11114.93
11343.88
11823.69
11077.77
11242.57
11194.25
11750.28
11772.94
11605.6
11767.6
11684.06
11893.03
11392.43
11573.11
11777.43
11774.38
11873.98
11914.01
12293.72
11969.53
11734
11865.82
11522.8
11683.44
11653.02
11763.93
11337.4
11467.37
11302.01
11534.75
11481.64
11707.78
11659.57
11923.25
11397.44
10187.51
10467.89
10159.62
10254.93
10367.74
10121.52
10227.83
10352.66
10395.44
10446.44
10330.77
10674.64
10785.62
10948.43
10943.89
10931.79
11081.43
10919.65
10430.46
10532.22
10234.48
10732.43
10692.84
10732.4
10774.24
10692.33
10840.8
10777.92
10619.24
10575.06
10551.77
10673.46
10788.56
10603.74
10670.8
10923.3
11063.19
11302.67
11376.61
11540.04
11428.24
11431.32
11503.73
11327.57
11366.51
11508.2
11758.16
11925.46
12831.56
12990.25
12944.52
13128.46
13036.77
13076.37
13651.47
13289
13458.66
13564.72
13810.32
13758.88
13575.17
14023.31
14155.59
15591.39
15595.77
14839.84
15490.6
15328.53
15317.04
15708.65
16295.57
16339.33
16091.07
15968.16
16725.15
17679.72
17798.45
17820.57
18687.45
18699.75
18422.28
18398.91
19172.52
18739.8
17151.44
17138.87
17732.42
18191.6
19709.73
18792.52
19226.97
19454.54
18670.49
19155.06
19377.66
19181.41
18318.87
18554.15
18247.76
18029.36
18803.44
19164.48
19276.59
19439.75
21379.48
22847.46
23150.79
23869.92
23490.58
22745.48
23824.99
23253.37
23715.53
24693.58
26443.21
26246.58
27036.69
27376.37
28856.59
28982.56
29393.75
32195.46
33000.78
32035.03
34046.67
36860.41
39486.04
40670.25
40240.72
38240.09
35544.94
34011.82
37393.13
39158.47
36828.52
36065.2
35793.01
36632.35
36020.13
35538.98
30797.88
33002.38
32099.74
32276.84
32243.26
32541.8
30419.17
33403.17
34314.26
34318.1
33136.46
33522.9
35529.66
37676.25
37002.09
38278.61
39323.26
38928.1
46364.3
46589.58
44878.17
48013.38
47471.4
47185.19
48720.37
47951.85
49160.1
52118.23
51608.15
55916.5
56001.2
57487.86
54123.4
48880.43
50624.84
46800.42
46340.31
46155.87
45113.92
49618.43
48356.04
50477.7
48448.91
48861.38
48881.59
51169.7
52299.33
54881.52
55997.23
57764
57253.28
61258.73
59133.47
55754.72
56872.38
58913
57665.9
58075.1
58085.8
57411.17
54204.96
54477.46
52508.23
51415.92
55074.47
55863.93
55783.71
57627.67
58730.13
58735.25
58736.92
59031.32
57076.49
58206.55
59054.1
58020.46
55947.27
58048.59
58102.58
59774
59964.87
59834.74
63554.44
62969.12
63252.63
61455.98
60087.09
56251.48
55703.14
56507.91
53808.8
51731.71
51153.13
50110.53
49075.58
54056.64
55071.46
54884.1
53584.15
57796.62
57857.5
56610.46
57213.33
53241.72
57473.23
56428.16
57380.27
58928.81
58280.73
55883.5
56750
49007.09
49702.27
49922.52
46736.58
46441.64
43596.24
42912.19
36964.27
40784.32
37280.35
37528.3
34754.54
38728.59
38410.5
39266.04
38445.29
35689.62
34647.67
35684.59
37310.54
36662.64
37585.24
39188.59
36885.51
35530.38
35816.17
33514.87
33450.19
37338.36
36704.57
37313.18
35494.9
39066.82
40525.8
40188.56
38324.87
38068.04
35729.82
35524.17
35592.35
31686.55
32447.59
33674.66
34639.38
31640.58
32160.91
34644.45
34456.67
35847.7
35047.36
33536.88
33856.86
34688.98
35309.3
33747.97
34211.01
33839.04
32877.41
33818.52
33515.57
34227.64
33158.25
32686.56
32814.61
31738.59
31421.25
31520.66
31783.49
30815.94
29790.24
32118.06
32297.89
33581.63
34279.34
35365.2
37318.14
39405.95
40002.53
40005.93
42214.15
41659.06
40000.46
39193.94
38138
39750.14
40882
42825.95
44634.13
43816.14
46333.46
45608.37
45611.46
44417.78
47833.98
47112.19
47056.41
45982.55
44648.57
44777.86
46734.65
49327.75
48932.02
49335.68
49523.5
47744.58
48972.09
46962.8
49056.86
48897.65
48806.78
47074.77
47155.87
48862.76
49329.01
50035.33
49947.38
51769.06
52677.4
46809.17
46078.38
46368.69